   0.0000000e+00   0.0000000e+00   0.0000000e+00   0.0000000e+00   0.0000000e+00
   6.2500000e-02   6.2500000e-02   0.0000000e+00   0.0000000e+00   0.0000000e+00
   1.2500000e-01   1.2500000e-01   0.0000000e+00   0.0000000e+00   0.0000000e+00
   1.8750000e-01   1.8750000e-01   0.0000000e+00   0.0000000e+00   0.0000000e+00
   2.5000000e-01   2.5000000e-01   0.0000000e+00   0.0000000e+00   0.0000000e+00
   3.1250000e-01   3.1250000e-01   0.0000000e+00   0.0000000e+00   0.0000000e+00
   3.7500000e-01   3.7500000e-01   0.0000000e+00   0.0000000e+00   0.0000000e+00
   4.3750000e-01   4.3750000e-01   0.0000000e+00   0.0000000e+00   0.0000000e+00
   5.0000000e-01   5.0000000e-01   0.0000000e+00   0.0000000e+00   0.0000000e+00
   5.6250000e-01   5.6250000e-01   0.0000000e+00   0.0000000e+00   0.0000000e+00
   6.2500000e-01   6.2500000e-01   0.0000000e+00   0.0000000e+00   0.0000000e+00
   6.8750000e-01   6.8750000e-01   0.0000000e+00   0.0000000e+00   0.0000000e+00
   7.5000000e-01   7.5000000e-01   0.0000000e+00   0.0000000e+00   0.0000000e+00
   8.1250000e-01   8.1250000e-01   0.0000000e+00   0.0000000e+00   0.0000000e+00
   8.7500000e-01   8.7500000e-01   0.0000000e+00   0.0000000e+00   0.0000000e+00
   9.3750000e-01   9.3750000e-01   0.0000000e+00   0.0000000e+00   0.0000000e+00
   1.0000000e+00   1.0000000e+00   0.0000000e+00  -4.9087385e-02  -4.0000000e+00
   1.0245338e+00   1.0245043e+00  -1.2038183e-03  -1.4726216e-01  -4.0000000e+00
   1.0490677e+00   1.0487726e+00  -4.8036799e-03  -2.4543693e-01  -4.0000000e+00
   1.0736015e+00   1.0725712e+00  -1.0764916e-02  -3.4361170e-01  -4.0000000e+00
   1.0981353e+00   1.0956709e+00  -1.9030117e-02  -4.4178647e-01  -4.0000000e+00
   1.1226692e+00   1.1178492e+00  -2.9519684e-02  -5.3996124e-01  -4.0000000e+00
   1.1472030e+00   1.1388926e+00  -4.2132597e-02  -6.3813601e-01  -4.0000000e+00
   1.1717369e+00   1.1585983e+00  -5.6747387e-02  -7.3631078e-01  -4.0000000e+00
   1.1962707e+00   1.1767767e+00  -7.3223305e-02  -8.3448555e-01  -4.0000000e+00
   1.2208045e+00   1.1932526e+00  -9.1401679e-02  -9.3266032e-01  -4.0000000e+00
   1.2453384e+00   1.2078674e+00  -1.1110744e-01  -1.0308351e+00  -4.0000000e+00
   1.2698722e+00   1.2204803e+00  -1.3215082e-01  -1.1290099e+00  -4.0000000e+00
   1.2944060e+00   1.2309699e+00  -1.5432914e-01  -1.2271846e+00  -4.0000000e+00
   1.3189399e+00   1.2392351e+00  -1.7742883e-01  -1.3253594e+00  -4.0000000e+00
   1.3434737e+00   1.2451963e+00  -2.0122742e-01  -1.4235342e+00  -4.0000000e+00
   1.3680076e+00   1.2487962e+00  -2.2549571e-01  -1.5217089e+00  -4.0000000e+00
   1.3925414e+00   1.2500000e+00  -2.5000000e-01  -1.6198837e+00  -4.0000000e+00
   1.4170752e+00   1.2487962e+00  -2.7450429e-01  -1.7180585e+00  -4.0000000e+00
   1.4416091e+00   1.2451963e+00  -2.9877258e-01  -1.8162333e+00  -4.0000000e+00
   1.4661429e+00   1.2392351e+00  -3.2257117e-01  -1.9144080e+00  -4.0000000e+00
   1.4906767e+00   1.2309699e+00  -3.4567086e-01  -2.0125828e+00  -4.0000000e+00
   1.5152106e+00   1.2204803e+00  -3.6784918e-01  -2.1107576e+00  -4.0000000e+00
   1.5397444e+00   1.2078674e+00  -3.8889256e-01  -2.2089323e+00  -4.0000000e+00
   1.5642783e+00   1.1932526e+00  -4.0859832e-01  -2.3071071e+00  -4.0000000e+00
   1.5888121e+00   1.1767767e+00  -4.2677670e-01  -2.4052819e+00  -4.0000000e+00
   1.6133459e+00   1.1585983e+00  -4.4325261e-01  -2.5034566e+00  -4.0000000e+00
   1.6378798e+00   1.1388926e+00  -4.5786740e-01  -2.6016314e+00  -4.0000000e+00
   1.6624136e+00   1.1178492e+00  -4.7048032e-01  -2.6998062e+00  -4.0000000e+00
   1.6869474e+00   1.0956709e+00  -4.8096988e-01  -2.7979810e+00  -4.0000000e+00
   1.7114813e+00   1.0725712e+00  -4.8923508e-01  -2.8961557e+00  -4.0000000e+00
   1.7360151e+00   1.0487726e+00  -4.9519632e-01  -2.9943305e+00  -4.0000000e+00
   1.7605490e+00   1.0245043e+00  -4.9879618e-01  -3.0925053e+00  -4.0000000e+00
   1.7850828e+00   1.0000000e+00  -5.0000000e-01  -3.0925053e+00   4.0000000e+00
   1.8096166e+00   9.7549571e-01  -5.0120382e-01  -2.9943305e+00   4.0000000e+00
   1.8341505e+00   9.5122742e-01  -5.0480368e-01  -2.8961557e+00   4.0000000e+00
   1.8586843e+00   9.2742883e-01  -5.1076492e-01  -2.7979810e+00   4.0000000e+00
   1.8832181e+00   9.0432914e-01  -5.1903012e-01  -2.6998062e+00   4.0000000e+00
   1.9077520e+00   8.8215082e-01  -5.2951968e-01  -2.6016314e+00   4.0000000e+00
   1.9322858e+00   8.6110744e-01  -5.4213260e-01  -2.5034566e+00   4.0000000e+00
   1.9568196e+00   8.4140168e-01  -5.5674739e-01  -2.4052819e+00   4.0000000e+00
   1.9813535e+00   8.2322330e-01  -5.7322330e-01  -2.3071071e+00   4.0000000e+00
   2.0058873e+00   8.0674739e-01  -5.9140168e-01  -2.2089323e+00   4.0000000e+00
   2.0304212e+00   7.9213260e-01  -6.1110744e-01  -2.1107576e+00   4.0000000e+00
   2.0549550e+00   7.7951968e-01  -6.3215082e-01  -2.0125828e+00   4.0000000e+00
   2.0794888e+00   7.6903012e-01  -6.5432914e-01  -1.9144080e+00   4.0000000e+00
   2.1040227e+00   7.6076492e-01  -6.7742883e-01  -1.8162333e+00   4.0000000e+00
   2.1285565e+00   7.5480368e-01  -7.0122742e-01  -1.7180585e+00   4.0000000e+00
   2.1530903e+00   7.5120382e-01  -7.2549571e-01  -1.6198837e+00   4.0000000e+00
   2.1776242e+00   7.5000000e-01  -7.5000000e-01  -1.5217089e+00   4.0000000e+00
   2.2021580e+00   7.5120382e-01  -7.7450429e-01  -1.4235342e+00   4.0000000e+00
   2.2266919e+00   7.5480368e-01  -7.9877258e-01  -1.3253594e+00   4.0000000e+00
   2.2512257e+00   7.6076492e-01  -8.2257117e-01  -1.2271846e+00   4.0000000e+00
   2.2757595e+00   7.6903012e-01  -8.4567086e-01  -1.1290099e+00   4.0000000e+00
   2.3002934e+00   7.7951968e-01  -8.6784918e-01  -1.0308351e+00   4.0000000e+00
   2.3248272e+00   7.9213260e-01  -8.8889256e-01  -9.3266032e-01   4.0000000e+00
   2.3493610e+00   8.0674739e-01  -9.0859832e-01  -8.3448555e-01   4.0000000e+00
   2.3738949e+00   8.2322330e-01  -9.2677670e-01  -7.3631078e-01   4.0000000e+00
   2.3984287e+00   8.4140168e-01  -9.4325261e-01  -6.3813601e-01   4.0000000e+00
   2.4229626e+00   8.6110744e-01  -9.5786740e-01  -5.3996124e-01   4.0000000e+00
   2.4474964e+00   8.8215082e-01  -9.7048032e-01  -4.4178647e-01   4.0000000e+00
   2.4720302e+00   9.0432914e-01  -9.8096988e-01  -3.4361170e-01   4.0000000e+00
   2.4965641e+00   9.2742883e-01  -9.8923508e-01  -2.4543693e-01   4.0000000e+00
   2.5210979e+00   9.5122742e-01  -9.9519632e-01  -1.4726216e-01   4.0000000e+00
   2.5456317e+00   9.7549571e-01  -9.9879618e-01  -4.9087385e-02   4.0000000e+00
   2.5701656e+00   1.0000000e+00  -1.0000000e+00  -4.9087385e-02  -4.0000000e+00
   2.5946994e+00   1.0245043e+00  -1.0012038e+00  -1.4726216e-01  -4.0000000e+00
   2.6192333e+00   1.0487726e+00  -1.0048037e+00  -2.4543693e-01  -4.0000000e+00
   2.6437671e+00   1.0725712e+00  -1.0107649e+00  -3.4361170e-01  -4.0000000e+00
   2.6683009e+00   1.0956709e+00  -1.0190301e+00  -4.4178647e-01  -4.0000000e+00
   2.6928348e+00   1.1178492e+00  -1.0295197e+00  -5.3996124e-01  -4.0000000e+00
   2.7173686e+00   1.1388926e+00  -1.0421326e+00  -6.3813601e-01  -4.0000000e+00
   2.7419024e+00   1.1585983e+00  -1.0567474e+00  -7.3631078e-01  -4.0000000e+00
   2.7664363e+00   1.1767767e+00  -1.0732233e+00  -8.3448555e-01  -4.0000000e+00
   2.7909701e+00   1.1932526e+00  -1.0914017e+00  -9.3266032e-01  -4.0000000e+00
   2.8155040e+00   1.2078674e+00  -1.1111074e+00  -1.0308351e+00  -4.0000000e+00
   2.8400378e+00   1.2204803e+00  -1.1321508e+00  -1.1290099e+00  -4.0000000e+00
   2.8645716e+00   1.2309699e+00  -1.1543291e+00  -1.2271846e+00  -4.0000000e+00
   2.8891055e+00   1.2392351e+00  -1.1774288e+00  -1.3253594e+00  -4.0000000e+00
   2.9136393e+00   1.2451963e+00  -1.2012274e+00  -1.4235342e+00  -4.0000000e+00
   2.9381731e+00   1.2487962e+00  -1.2254957e+00  -1.5217089e+00  -4.0000000e+00
   2.9627070e+00   1.2500000e+00  -1.2500000e+00  -1.6198837e+00  -4.0000000e+00
   2.9872408e+00   1.2487962e+00  -1.2745043e+00  -1.7180585e+00  -4.0000000e+00
   3.0117746e+00   1.2451963e+00  -1.2987726e+00  -1.8162333e+00  -4.0000000e+00
   3.0363085e+00   1.2392351e+00  -1.3225712e+00  -1.9144080e+00  -4.0000000e+00
   3.0608423e+00   1.2309699e+00  -1.3456709e+00  -2.0125828e+00  -4.0000000e+00
   3.0853762e+00   1.2204803e+00  -1.3678492e+00  -2.1107576e+00  -4.0000000e+00
   3.1099100e+00   1.2078674e+00  -1.3888926e+00  -2.2089323e+00  -4.0000000e+00
   3.1344438e+00   1.1932526e+00  -1.4085983e+00  -2.3071071e+00  -4.0000000e+00
   3.1589777e+00   1.1767767e+00  -1.4267767e+00  -2.4052819e+00  -4.0000000e+00
   3.1835115e+00   1.1585983e+00  -1.4432526e+00  -2.5034566e+00  -4.0000000e+00
   3.2080453e+00   1.1388926e+00  -1.4578674e+00  -2.6016314e+00  -4.0000000e+00
   3.2325792e+00   1.1178492e+00  -1.4704803e+00  -2.6998062e+00  -4.0000000e+00
   3.2571130e+00   1.0956709e+00  -1.4809699e+00  -2.7979810e+00  -4.0000000e+00
   3.2816469e+00   1.0725712e+00  -1.4892351e+00  -2.8961557e+00  -4.0000000e+00
   3.3061807e+00   1.0487726e+00  -1.4951963e+00  -2.9943305e+00  -4.0000000e+00
   3.3307145e+00   1.0245043e+00  -1.4987962e+00  -3.0925053e+00  -4.0000000e+00
   3.3552484e+00   1.0000000e+00  -1.5000000e+00  -3.1415927e+00   0.0000000e+00
   3.4177484e+00   9.3750000e-01  -1.5000000e+00  -3.1415927e+00   0.0000000e+00
   3.4802484e+00   8.7500000e-01  -1.5000000e+00  -3.1415927e+00   0.0000000e+00
   3.5427484e+00   8.1250000e-01  -1.5000000e+00  -3.1415927e+00   0.0000000e+00
   3.6052484e+00   7.5000000e-01  -1.5000000e+00  -3.1415927e+00   0.0000000e+00
   3.6677484e+00   6.8750000e-01  -1.5000000e+00  -3.1415927e+00   0.0000000e+00
   3.7302484e+00   6.2500000e-01  -1.5000000e+00  -3.1415927e+00   0.0000000e+00
   3.7927484e+00   5.6250000e-01  -1.5000000e+00  -3.1415927e+00   0.0000000e+00
   3.8552484e+00   5.0000000e-01  -1.5000000e+00  -3.1906800e+00  -4.0000000e+00
   3.8797822e+00   4.7549571e-01  -1.4987962e+00  -3.2888548e+00  -4.0000000e+00
   3.9043160e+00   4.5122742e-01  -1.4951963e+00  -3.3870296e+00  -4.0000000e+00
   3.9288499e+00   4.2742883e-01  -1.4892351e+00  -3.4852044e+00  -4.0000000e+00
   3.9533837e+00   4.0432914e-01  -1.4809699e+00  -3.5833791e+00  -4.0000000e+00
   3.9779176e+00   3.8215082e-01  -1.4704803e+00  -3.6815539e+00  -4.0000000e+00
   4.0024514e+00   3.6110744e-01  -1.4578674e+00  -3.7797287e+00  -4.0000000e+00
   4.0269852e+00   3.4140168e-01  -1.4432526e+00  -3.8779034e+00  -4.0000000e+00
   4.0515191e+00   3.2322330e-01  -1.4267767e+00  -3.9760782e+00  -4.0000000e+00
   4.0760529e+00   3.0674739e-01  -1.4085983e+00  -4.0742530e+00  -4.0000000e+00
   4.1005867e+00   2.9213260e-01  -1.3888926e+00  -4.1724277e+00  -4.0000000e+00
   4.1251206e+00   2.7951968e-01  -1.3678492e+00  -4.2706025e+00  -4.0000000e+00
   4.1496544e+00   2.6903012e-01  -1.3456709e+00  -4.3687773e+00  -4.0000000e+00
   4.1741883e+00   2.6076492e-01  -1.3225712e+00  -4.4669521e+00  -4.0000000e+00
   4.1987221e+00   2.5480368e-01  -1.2987726e+00  -4.5651268e+00  -4.0000000e+00
   4.2232559e+00   2.5120382e-01  -1.2745043e+00  -4.6633016e+00  -4.0000000e+00
   4.2477898e+00   2.5000000e-01  -1.2500000e+00  -4.7123890e+00   0.0000000e+00
   4.3102898e+00   2.5000000e-01  -1.1875000e+00  -4.7123890e+00   0.0000000e+00
   4.3727898e+00   2.5000000e-01  -1.1250000e+00  -4.7123890e+00   0.0000000e+00
   4.4352898e+00   2.5000000e-01  -1.0625000e+00  -4.7123890e+00   0.0000000e+00
   4.4977898e+00   2.5000000e-01  -1.0000000e+00  -4.7123890e+00   0.0000000e+00
   4.5602898e+00   2.5000000e-01  -9.3750000e-01  -4.7123890e+00   0.0000000e+00
   4.6227898e+00   2.5000000e-01  -8.7500000e-01  -4.7123890e+00   0.0000000e+00
   4.6852898e+00   2.5000000e-01  -8.1250000e-01  -4.7123890e+00   0.0000000e+00
   4.7477898e+00   2.5000000e-01  -7.5000000e-01  -4.6633016e+00   4.0000000e+00
   4.7723236e+00   2.4879618e-01  -7.2549571e-01  -4.5651268e+00   4.0000000e+00
   4.7968574e+00   2.4519632e-01  -7.0122742e-01  -4.4669521e+00   4.0000000e+00
   4.8213913e+00   2.3923508e-01  -6.7742883e-01  -4.3687773e+00   4.0000000e+00
   4.8459251e+00   2.3096988e-01  -6.5432914e-01  -4.2706025e+00   4.0000000e+00
   4.8704589e+00   2.2048032e-01  -6.3215082e-01  -4.1724277e+00   4.0000000e+00
   4.8949928e+00   2.0786740e-01  -6.1110744e-01  -4.0742530e+00   4.0000000e+00
   4.9195266e+00   1.9325261e-01  -5.9140168e-01  -3.9760782e+00   4.0000000e+00
   4.9440605e+00   1.7677670e-01  -5.7322330e-01  -3.8779034e+00   4.0000000e+00
   4.9685943e+00   1.5859832e-01  -5.5674739e-01  -3.7797287e+00   4.0000000e+00
   4.9931281e+00   1.3889256e-01  -5.4213260e-01  -3.6815539e+00   4.0000000e+00
   5.0176620e+00   1.1784918e-01  -5.2951968e-01  -3.5833791e+00   4.0000000e+00
   5.0421958e+00   9.5670858e-02  -5.1903012e-01  -3.4852044e+00   4.0000000e+00
   5.0667296e+00   7.2571169e-02  -5.1076492e-01  -3.3870296e+00   4.0000000e+00
   5.0912635e+00   4.8772581e-02  -5.0480368e-01  -3.2888548e+00   4.0000000e+00
   5.1157973e+00   2.4504285e-02  -5.0120382e-01  -3.1906800e+00   4.0000000e+00
   5.1403312e+00   1.5308085e-17  -5.0000000e-01  -3.0925053e+00   4.0000000e+00
   5.1648650e+00  -2.4504285e-02  -5.0120382e-01  -2.9943305e+00   4.0000000e+00
   5.1893988e+00  -4.8772581e-02  -5.0480368e-01  -2.8961557e+00   4.0000000e+00
   5.2139327e+00  -7.2571169e-02  -5.1076492e-01  -2.7979810e+00   4.0000000e+00
   5.2384665e+00  -9.5670858e-02  -5.1903012e-01  -2.6998062e+00   4.0000000e+00
   5.2630003e+00  -1.1784918e-01  -5.2951968e-01  -2.6016314e+00   4.0000000e+00
   5.2875342e+00  -1.3889256e-01  -5.4213260e-01  -2.5034566e+00   4.0000000e+00
   5.3120680e+00  -1.5859832e-01  -5.5674739e-01  -2.4052819e+00   4.0000000e+00
   5.3366019e+00  -1.7677670e-01  -5.7322330e-01  -2.3071071e+00   4.0000000e+00
   5.3611357e+00  -1.9325261e-01  -5.9140168e-01  -2.2089323e+00   4.0000000e+00
   5.3856695e+00  -2.0786740e-01  -6.1110744e-01  -2.1107576e+00   4.0000000e+00
   5.4102034e+00  -2.2048032e-01  -6.3215082e-01  -2.0125828e+00   4.0000000e+00
   5.4347372e+00  -2.3096988e-01  -6.5432914e-01  -1.9144080e+00   4.0000000e+00
   5.4592710e+00  -2.3923508e-01  -6.7742883e-01  -1.8162333e+00   4.0000000e+00
   5.4838049e+00  -2.4519632e-01  -7.0122742e-01  -1.7180585e+00   4.0000000e+00
   5.5083387e+00  -2.4879618e-01  -7.2549571e-01  -1.6198837e+00   4.0000000e+00
   5.5328726e+00  -2.5000000e-01  -7.5000000e-01  -1.5707963e+00   0.0000000e+00
   5.5953726e+00  -2.5000000e-01  -8.1250000e-01  -1.5707963e+00   0.0000000e+00
   5.6578726e+00  -2.5000000e-01  -8.7500000e-01  -1.5707963e+00   0.0000000e+00
   5.7203726e+00  -2.5000000e-01  -9.3750000e-01  -1.5707963e+00   0.0000000e+00
   5.7828726e+00  -2.5000000e-01  -1.0000000e+00  -1.5707963e+00   0.0000000e+00
   5.8453726e+00  -2.5000000e-01  -1.0625000e+00  -1.5707963e+00   0.0000000e+00
   5.9078726e+00  -2.5000000e-01  -1.1250000e+00  -1.5707963e+00   0.0000000e+00
   5.9703726e+00  -2.5000000e-01  -1.1875000e+00  -1.5707963e+00   0.0000000e+00
   6.0328726e+00  -2.5000000e-01  -1.2500000e+00  -1.6198837e+00  -4.0000000e+00
   6.0574064e+00  -2.5120382e-01  -1.2745043e+00  -1.7180585e+00  -4.0000000e+00
   6.0819402e+00  -2.5480368e-01  -1.2987726e+00  -1.8162333e+00  -4.0000000e+00
   6.1064741e+00  -2.6076492e-01  -1.3225712e+00  -1.9144080e+00  -4.0000000e+00
   6.1310079e+00  -2.6903012e-01  -1.3456709e+00  -2.0125828e+00  -4.0000000e+00
   6.1555417e+00  -2.7951968e-01  -1.3678492e+00  -2.1107576e+00  -4.0000000e+00
   6.1800756e+00  -2.9213260e-01  -1.3888926e+00  -2.2089323e+00  -4.0000000e+00
   6.2046094e+00  -3.0674739e-01  -1.4085983e+00  -2.3071071e+00  -4.0000000e+00
   6.2291432e+00  -3.2322330e-01  -1.4267767e+00  -2.4052819e+00  -4.0000000e+00
   6.2536771e+00  -3.4140168e-01  -1.4432526e+00  -2.5034566e+00  -4.0000000e+00
   6.2782109e+00  -3.6110744e-01  -1.4578674e+00  -2.6016314e+00  -4.0000000e+00
   6.3027448e+00  -3.8215082e-01  -1.4704803e+00  -2.6998062e+00  -4.0000000e+00
   6.3272786e+00  -4.0432914e-01  -1.4809699e+00  -2.7979810e+00  -4.0000000e+00
   6.3518124e+00  -4.2742883e-01  -1.4892351e+00  -2.8961557e+00  -4.0000000e+00
   6.3763463e+00  -4.5122742e-01  -1.4951963e+00  -2.9943305e+00  -4.0000000e+00
   6.4008801e+00  -4.7549571e-01  -1.4987962e+00  -3.0925053e+00  -4.0000000e+00
   6.4254139e+00  -5.0000000e-01  -1.5000000e+00  -3.1906800e+00  -4.0000000e+00
   6.4499478e+00  -5.2450429e-01  -1.4987962e+00  -3.2888548e+00  -4.0000000e+00
   6.4744816e+00  -5.4877258e-01  -1.4951963e+00  -3.3870296e+00  -4.0000000e+00
   6.4990155e+00  -5.7257117e-01  -1.4892351e+00  -3.4852044e+00  -4.0000000e+00
   6.5235493e+00  -5.9567086e-01  -1.4809699e+00  -3.5833791e+00  -4.0000000e+00
   6.5480831e+00  -6.1784918e-01  -1.4704803e+00  -3.6815539e+00  -4.0000000e+00
   6.5726170e+00  -6.3889256e-01  -1.4578674e+00  -3.7797287e+00  -4.0000000e+00
   6.5971508e+00  -6.5859832e-01  -1.4432526e+00  -3.8779034e+00  -4.0000000e+00
   6.6216846e+00  -6.7677670e-01  -1.4267767e+00  -3.9760782e+00  -4.0000000e+00
   6.6462185e+00  -6.9325261e-01  -1.4085983e+00  -4.0742530e+00  -4.0000000e+00
   6.6707523e+00  -7.0786740e-01  -1.3888926e+00  -4.1724277e+00  -4.0000000e+00
   6.6952862e+00  -7.2048032e-01  -1.3678492e+00  -4.2706025e+00  -4.0000000e+00
   6.7198200e+00  -7.3096988e-01  -1.3456709e+00  -4.3687773e+00  -4.0000000e+00
   6.7443538e+00  -7.3923508e-01  -1.3225712e+00  -4.4669521e+00  -4.0000000e+00
   6.7688877e+00  -7.4519632e-01  -1.2987726e+00  -4.5651268e+00  -4.0000000e+00
   6.7934215e+00  -7.4879618e-01  -1.2745043e+00  -4.6633016e+00  -4.0000000e+00
   6.8179553e+00  -7.5000000e-01  -1.2500000e+00  -4.7123890e+00   0.0000000e+00
   6.8804553e+00  -7.5000000e-01  -1.1875000e+00  -4.7123890e+00   0.0000000e+00
   6.9429553e+00  -7.5000000e-01  -1.1250000e+00  -4.7123890e+00   0.0000000e+00
   7.0054553e+00  -7.5000000e-01  -1.0625000e+00  -4.7123890e+00   0.0000000e+00
   7.0679553e+00  -7.5000000e-01  -1.0000000e+00  -4.7123890e+00   0.0000000e+00
   7.1304553e+00  -7.5000000e-01  -9.3750000e-01  -4.7123890e+00   0.0000000e+00
   7.1929553e+00  -7.5000000e-01  -8.7500000e-01  -4.7123890e+00   0.0000000e+00
   7.2554553e+00  -7.5000000e-01  -8.1250000e-01  -4.7123890e+00   0.0000000e+00
   7.3179553e+00  -7.5000000e-01  -7.5000000e-01  -4.7123890e+00   0.0000000e+00
   7.3804553e+00  -7.5000000e-01  -6.8750000e-01  -4.7123890e+00   0.0000000e+00
   7.4429553e+00  -7.5000000e-01  -6.2500000e-01  -4.7123890e+00   0.0000000e+00
   7.5054553e+00  -7.5000000e-01  -5.6250000e-01  -4.7123890e+00   0.0000000e+00
   7.5679553e+00  -7.5000000e-01  -5.0000000e-01  -4.7123890e+00   0.0000000e+00
   7.6304553e+00  -7.5000000e-01  -4.3750000e-01  -4.7123890e+00   0.0000000e+00
   7.6929553e+00  -7.5000000e-01  -3.7500000e-01  -4.7123890e+00   0.0000000e+00
   7.7554553e+00  -7.5000000e-01  -3.1250000e-01  -4.7123890e+00   0.0000000e+00
   7.8179553e+00  -7.5000000e-01  -2.5000000e-01  -4.7614764e+00  -4.0000000e+00
   7.8424892e+00  -7.4879618e-01  -2.2549571e-01  -4.8596511e+00  -4.0000000e+00
   7.8670230e+00  -7.4519632e-01  -2.0122742e-01  -4.9578259e+00  -4.0000000e+00
   7.8915569e+00  -7.3923508e-01  -1.7742883e-01  -5.0560007e+00  -4.0000000e+00
   7.9160907e+00  -7.3096988e-01  -1.5432914e-01  -5.1541754e+00  -4.0000000e+00
   7.9406245e+00  -7.2048032e-01  -1.3215082e-01  -5.2523502e+00  -4.0000000e+00
   7.9651584e+00  -7.0786740e-01  -1.1110744e-01  -5.3505250e+00  -4.0000000e+00
   7.9896922e+00  -6.9325261e-01  -9.1401679e-02  -5.4486998e+00  -4.0000000e+00
   8.0142260e+00  -6.7677670e-01  -7.3223305e-02  -5.5468745e+00  -4.0000000e+00
   8.0387599e+00  -6.5859832e-01  -5.6747387e-02  -5.6450493e+00  -4.0000000e+00
   8.0632937e+00  -6.3889256e-01  -4.2132597e-02  -5.7432241e+00  -4.0000000e+00
   8.0878275e+00  -6.1784918e-01  -2.9519684e-02  -5.8413988e+00  -4.0000000e+00
   8.1123614e+00  -5.9567086e-01  -1.9030117e-02  -5.9395736e+00  -4.0000000e+00
   8.1368952e+00  -5.7257117e-01  -1.0764916e-02  -6.0377484e+00  -4.0000000e+00
   8.1614291e+00  -5.4877258e-01  -4.8036799e-03  -6.1359232e+00  -4.0000000e+00
   8.1859629e+00  -5.2450429e-01  -1.2038183e-03  -6.2340979e+00  -4.0000000e+00
   8.2104967e+00  -5.0000000e-01   0.0000000e+00  -6.2831853e+00   0.0000000e+00
   8.2819253e+00  -4.2857143e-01   0.0000000e+00  -6.2831853e+00   0.0000000e+00
   8.3533539e+00  -3.5714286e-01   0.0000000e+00  -6.2831853e+00   0.0000000e+00
   8.4247824e+00  -2.8571429e-01   0.0000000e+00  -6.2831853e+00   0.0000000e+00
   8.4962110e+00  -2.1428571e-01   0.0000000e+00  -6.2831853e+00   0.0000000e+00
   8.5676396e+00  -1.4285714e-01   0.0000000e+00  -6.2831853e+00   0.0000000e+00
   8.6390682e+00  -7.1428571e-02   0.0000000e+00  -6.2831853e+00   0.0000000e+00
   8.7104967e+00   0.0000000e+00   0.0000000e+00  -6.2831853e+00   0.0000000e+00
