-3.031833e-16
1.599710e-01
-8.751527e-01
2.084352e-33
1.525257e-33
2.959624e-32
-6.120337e-16
3.229321e-01
-1.455314e+00
-2.369417e-30
3.808131e-30
1.935174e-30
-9.363936e-16
4.940767e-01
-1.737624e+00
-1.288062e-30
-6.162976e-31
2.046108e-30
-1.288846e-15
6.800439e-01
-1.689079e+00
4.529787e-31
-4.240127e-30
2.083086e-30
-1.606943e-15
8.478840e-01
-1.324595e+00
-5.188455e-30
-1.316275e-30
-2.005063e-30
-1.913761e-15
1.009773e+00
-6.637337e-01
-5.183990e-31
-9.671855e-31
4.007188e-31
-2.215993e-15
1.169242e+00
2.919257e-01
2.938736e-39
7.346840e-39
1.175494e-38
-2.515781e-15
1.327421e+00
1.542074e+00
-1.322431e-38
-5.877472e-39
2.938736e-39
-2.814058e-15
1.484804e+00
3.086613e+00
0.000000e+00
0.000000e+00
0.000000e+00
