1.237182e-16
1.809551e-01
-7.572810e-01
2.467120e-34
-5.604753e-33
-3.050594e-33
2.506112e-16
3.665536e-01
-1.218782e+00
5.094553e-31
1.707144e-30
-2.009130e-30
3.868052e-16
5.657562e-01
-1.375795e+00
2.748687e-30
3.064925e-30
-1.349692e-30
5.219655e-16
7.634469e-01
-1.195867e+00
1.777248e-30
4.807121e-31
3.451266e-31
6.485164e-16
9.485451e-01
-7.130385e-01
3.755275e-31
1.337734e-30
9.021914e-31
7.720938e-16
1.129294e+00
6.542177e-02
1.920785e-30
-4.262334e-31
4.061645e-31
8.942745e-16
1.308000e+00
1.138589e+00
6.795827e-39
4.040762e-39
3.673420e-40
1.015653e-15
1.485534e+00
2.506230e+00
0.000000e+00
0.000000e+00
0.000000e+00
