-6.347058e-17
2.077192e-01
-6.375782e-01
-2.088183e-34
3.047535e-34
-3.935652e-33
-1.292120e-16
4.228702e-01
-9.773603e-01
6.378680e-31
-3.590896e-31
-8.135128e-31
-1.996027e-16
6.532368e-01
-9.978912e-01
6.779273e-31
1.411321e-30
1.824241e-30
-2.658078e-16
8.699052e-01
-6.943328e-01
-1.183291e-30
-1.405124e-31
1.150641e-30
-3.294509e-16
1.078189e+00
-9.214706e-02
-1.353669e-31
-3.107301e-32
2.031600e-30
-3.920417e-16
1.283029e+00
8.053241e-01
8.394747e-31
-6.537278e-31
3.981456e-31
-4.540817e-16
1.486067e+00
1.997454e+00
0.000000e+00
0.000000e+00
0.000000e+00
