1.045934e-01
-8.708626e-17
-9.292281e-01
-1.452922e-30
-1.215955e-29
-2.938507e-29
2.109495e-01
-1.756402e-16
-1.563910e+00
-1.606121e-27
6.531768e-28
-1.306354e-27
3.221304e-01
-2.682114e-16
-1.903103e+00
1.268488e-27
-1.830157e-28
1.186447e-27
4.557397e-01
-3.794568e-16
-1.921026e+00
-1.431856e-27
7.995554e-28
-2.036677e-27
5.678027e-01
-4.727624e-16
-1.609206e+00
-1.104011e-27
-1.723144e-28
1.343408e-27
6.744080e-01
-5.615239e-16
-1.001637e+00
-7.268430e-32
-5.706488e-28
-9.103909e-28
7.791148e-01
-6.487046e-16
-9.949266e-02
-1.199004e-36
0.000000e+00
4.701977e-37
8.828678e-01
-7.350911e-16
1.097049e+00
-1.880791e-37
-9.403955e-37
2.821186e-37
9.860485e-01
-8.210011e-16
2.587935e+00
0.000000e+00
0.000000e+00
0.000000e+00
