1.360937e-01
-6.868356e-17
-7.068820e-01
1.425188e-32
-1.756448e-31
6.162976e-33
2.766152e-01
-1.396017e-16
-1.118288e+00
2.711709e-31
3.895001e-30
-5.830175e-30
4.339954e-01
-2.190281e-16
-1.222368e+00
-3.958236e-30
-2.605898e-31
-1.884106e-31
5.813007e-01
-2.933699e-16
-9.859364e-01
5.715704e-30
9.543584e-31
-1.288688e-29
7.194087e-01
-3.630700e-16
-4.512621e-01
5.761941e-30
3.274568e-31
-1.856866e-30
8.545702e-01
-4.312831e-16
3.783314e-01
-1.890167e-30
-2.572289e-30
-2.369389e-31
9.883242e-01
-4.987859e-16
1.502423e+00
0.000000e+00
0.000000e+00
0.000000e+00
