1.189130e-01
-5.647910e-17
-8.187398e-01
7.712491e-33
-1.009187e-31
2.465190e-31
2.405455e-01
-1.142499e-16
-1.342667e+00
2.465190e-31
2.939739e-30
3.451266e-31
3.712321e-01
-1.763209e-16
-1.568719e+00
-8.332343e-30
-3.254051e-30
1.370388e-29
5.105706e-01
-2.425014e-16
-1.450558e+00
-8.661410e-30
1.150107e-30
1.689044e-30
6.339875e-01
-3.011196e-16
-1.027763e+00
2.481957e-30
-2.474867e-30
3.313643e-30
7.535795e-01
-3.579212e-16
-3.097938e-01
-1.566655e-29
3.318708e-30
-1.639919e-30
8.715691e-01
-4.139618e-16
7.027020e-01
4.701977e-38
-2.350989e-38
1.410593e-37
9.886845e-01
-4.695870e-16
2.009588e+00
0.000000e+00
0.000000e+00
0.000000e+00
