   6.2178324667385318e+00   1.6465398917248510e+01
  -1.6465398917248510e+01   6.2178324667385318e+00
   9.7724391136093658e+00   1.2449970965081574e+01
  -1.2449970965081574e+01   9.7724391136093658e+00
   1.1935056852665291e+01   8.7698942650563083e+00
  -8.7698942650563083e+00   1.1935056852665291e+01
   1.3230581477113212e+01   5.2231364949098458e+00
  -5.2231364949098458e+00   1.3230581477113212e+01
   1.3844090088490791e+01   1.7353290191253850e+00
  -1.7353290191253850e+00   1.3844090088490791e+01
