   7.6696421679642146e-01   0.0000000000000000e+00   8.4345155498060287e-01   0.0000000000000000e+00  -8.7555066001020920e-01   0.0000000000000000e+00   8.9150480393706821e-01   0.0000000000000000e+00   8.9837707252710763e-01   0.0000000000000000e+00
   3.3430003646156825e-01  -4.2804873600886284e-01   3.8548631277641754e-01  -3.0941814707005211e-01  -4.0658544742569663e-01   2.0979001050640489e-01   4.1667741995086349e-01  -1.2188363461049379e-01   4.2089665061113712e-01  -4.0007707838648862e-02
  -2.2391025641440479e-01  -1.9882310462115815e-01  -5.1164231403585815e-02  -1.9421478582598609e-01  -4.1357206368257952e-02   1.4542710888911345e-01   9.1166871811163688e-02  -8.8231708885593937e-02   1.1329029771079790e-01  -2.9468917578918796e-02
  -4.5388122996651584e-02   1.3706193505736980e-01  -5.9104190707249336e-02   1.4545514233306665e-02   2.4562748549316657e-02   2.4040842407702288e-02   4.0894745868119359e-03  -2.4823193042183746e-02   1.8888645133837239e-02  -9.7403762893523097e-03
   6.1191393164840450e-02  -2.9714457513776306e-02   6.5306320761368769e-03   1.2244166545203661e-02   6.0632725975592753e-03  -2.7108610031553685e-03  -2.2258045400798134e-03  -2.9882966191986859e-03   2.3629857181014938e-03  -1.8433768839978559e-03
  -3.3638667750526388e-02  -2.4737887026337019e-03   2.2929991687518931e-03  -8.0386149304577056e-04  -6.3680958705988476e-04  -1.2600627505356284e-03  -3.8780180047974261e-04  -2.9603700752461372e-04   9.1323515359514876e-05  -4.2196550413806230e-04
   1.6741138824879698e-02   7.1928133965788038e-03  -2.1965186270779999e-04  -2.0073733489048427e-03   2.1482125751954255e-04   2.0445808119055338e-04  -2.0699178587600624e-04   2.2747641091845660e-04   1.4091610018766867e-04   6.2125862812462270e-05
  -8.8019443929612234e-03  -6.1310139016851114e-03  -8.5479012699169463e-04   1.5676682677740437e-03  -4.1409060419412392e-04  -2.2884611029986947e-04   1.4271317435178265e-04  -1.6594546388881248e-04  -1.2118895862570519e-04  -1.2490969554449207e-04
   4.9795957452869579e-03   4.4120323060680717e-03   9.3835524504017477e-04  -9.2608597879216038e-04   3.2181743964115157e-04   3.1442242618155881e-04  -1.5522462458972678e-04   1.6378015764028438e-04   1.1454794037448942e-04   1.1137127156815757e-04
  -2.7312927588711085e-03  -2.7141062323585482e-03  -6.5641548863835930e-04   4.9040249516471915e-04  -1.8198952042123827e-04  -2.4755430821372145e-04   1.3162136384273061e-04  -1.0630565963991404e-04  -8.6574556153443030e-05  -9.3331137689708340e-05
