   6.4594442003055104e+00   1.8354223140060881e+01
  -1.8354223140060881e+01   6.4594442003055104e+00
   1.0231296408903578e+01   1.4274041449614202e+01
  -1.4274041449614202e+01   1.0231296408903578e+01
   1.2602675929412811e+01   1.0552384163522314e+01
  -1.0552384163522314e+01   1.2602675929412811e+01
   1.4115781012949041e+01   6.9780272017411749e+00
  -6.9780272017411749e+00   1.4115781012949041e+01
   1.4968467341802324e+01   3.4742074498419599e+00
  -3.4742074498419599e+00   1.4968467341802324e+01
   1.5244670223544942e+01   0.0000000000000000e+00
