  -7.4196746629927335e-01   0.0000000000000000e+00  -8.2169310052041877e-01   0.0000000000000000e+00   8.5622028903158720e-01   0.0000000000000000e+00   8.7437203528780660e-01   0.0000000000000000e+00   8.8355931082404415e-01   0.0000000000000000e+00  -8.8639310374497848e-01
  -3.6626176279891504e-01   4.1452752341456550e-01  -4.0921639394083176e-01   3.1179031046471001e-01   4.2743232553412047e-01  -2.2273264942562843e-01   4.3656483213966146e-01  -1.4371544350754192e-01   4.4099964297501604e-01  -7.0526093465676648e-02  -4.4233690069229753e-01
   2.1299894248953785e-01   2.4793062253936579e-01   4.4947328628317171e-02   2.2657949757048984e-01   4.6407757703600901e-02  -1.7348707937977959e-01   9.8289282320677046e-02  -1.1558737083701062e-01   1.2538988703700460e-01  -5.7574032971667251e-02  -1.3384910090566121e-01
   8.5119259143901629e-02  -1.4329357431846865e-01   7.8582135836890735e-02  -1.1050649378800008e-02  -3.5594195190783467e-02  -3.0976014654955378e-02  -9.3510819817480700e-04  -3.4237381562244602e-02   1.9853666760024650e-02  -2.0436785445839031e-02  -2.6701233894002602e-02
  -7.9994874604557828e-02   1.2321236024276684e-02  -8.2892954777145471e-03  -1.9964182030532809e-02  -8.2539768106312250e-03   5.2564380416843907e-03  -4.7450542323194192e-03  -3.6163962615684193e-03   1.4729667106716364e-03  -4.0567101944443502e-03  -4.0698697353188451e-03
   3.6313581181798643e-02   1.7519938906662168e-02  -3.3403367262571223e-03   2.8445129376956269e-03   9.0871421177798396e-04   1.9047422814272930e-03  -7.1317403082318928e-04   2.0105905692412157e-04  -8.5152528461404777e-05  -6.6516370557893716e-04  -4.3770052066887012e-04
  -1.4240972753909963e-02  -1.6106899073751749e-02   2.9173946007136854e-04   1.3942966367637484e-03   1.8835799111915604e-04  -3.8580373795853303e-04  -1.8035633585176161e-04   1.5632464164937171e-04  -3.3618897202818634e-05   2.2535564148051571e-05  -1.4093073021980874e-04
   5.6321748435753704e-03   1.1095054870091828e-02   1.1067301838411495e-03  -9.9014981514275869e-04   1.0621923520248978e-04   2.3146924301464065e-04   1.4868530321564190e-04  -9.2954577773192321e-06  -1.8871514293672546e-05  -9.4627289318123116e-05   6.6807288146179767e-05
  -2.3752427378898881e-03  -7.3644374569340840e-03  -1.1715235912057500e-03   3.6412110131470231e-04  -8.8679974909938351e-05  -3.1298114476983874e-04  -1.3399342829883677e-04   2.0484600148608146e-05   3.1182720249664506e-06   8.8416945335202630e-05  -7.8834986004400480e-05
   1.0851198483606017e-03   4.8637211857447378e-03   8.9684340075128701e-04  -6.7706316734559457e-05   1.2517990667180790e-05   2.8349573098141720e-04   1.3104928411842616e-04  -4.7520432905720857e-06  -1.9159897771989156e-06  -8.3459538965293580e-05   7.1883524015302669e-05
  -5.0820860580897147e-04  -2.8996423239333858e-03  -5.6121618273123196e-04  -1.8845320613623334e-05   1.6711518374446049e-05  -1.8928107908500953e-04  -9.3865443935730052e-05  -7.6888065277630780e-06  -2.9584649192501132e-06   6.3163182985079784e-05  -5.5554219530715821e-05
