   6.6860466102930651e+00   2.0248593650466042e+01
  -2.0248593650466042e+01   6.6860466102930651e+00
   1.0659417391619190e+01   1.6105813483982796e+01
  -1.6105813483982796e+01   1.0659417391619190e+01
   1.3222006964955888e+01   1.2343071944350202e+01
  -1.2343071944350202e+01   1.3222006964955888e+01
   1.4931148019838542e+01   8.7403281204236158e+00
  -8.7403281204236158e+00   1.4931148019838542e+01
   1.6506848529031181e+01   1.7353285790451367e+00
  -1.7353285790451367e+00   1.6506848529031181e+01
   1.5994532450868487e+01   5.2181673467048100e+00
  -5.2181673467048100e+00   1.5994532450868487e+01
