   7.1922193502654030e-01   0.0000000000000000e+00  -8.0104235922083988e-01   0.0000000000000000e+00  -8.3751244111780099e-01   0.0000000000000000e+00  -8.5749025512836041e-01   0.0000000000000000e+00  -8.7357516242376576e-01   0.0000000000000000e+00   8.6856277867716258e-01   0.0000000000000000e+00
   3.9254351247696234e-01  -3.9668103389649656e-01  -4.2965198759231682e-01   3.0979489963130191e-01  -4.4559010636827434e-01   2.3067717007280050e-01  -4.5378211038896604e-01   1.5964694740826149e-01  -4.5994007206043891e-01   3.0982472063457910e-02   4.5807087858160350e-01  -9.3871196928645928e-02
  -1.9282932465200003e-01  -2.9319172654998221e-01   3.3973409620503436e-02   2.5663931161117232e-01  -5.4141796752960977e-02   1.9962830022903519e-01  -1.0623031133808362e-01   1.4107652400951873e-01  -1.4973687379612100e-01   2.7786590316284634e-02   1.3605059940552985e-01  -8.3819275833776491e-02
  -1.2763415786662674e-01   1.3961273351358927e-01   9.8615707458315743e-02  -3.1271890547181235e-03   4.7006208458441258e-02   4.0039164706796901e-02   6.7747788739291447e-03   4.4622740084006386e-02  -3.1759550093597835e-02   1.1343182915601902e-02   1.9179111095649536e-02  -3.1829475064899235e-02
   9.4357131462209351e-02   1.2333175285117067e-02  -7.7439883327201147e-03  -2.9664555313057374e-02   1.1499976166985249e-02  -8.5196107218932799e-03   7.9419614107839216e-03   3.9326403850768969e-03  -4.7774510838240530e-03   2.7747445188377024e-03  -2.2354202245763628e-04  -6.3731206084994474e-03
  -3.3214208853925731e-02  -3.4641213663679421e-02  -5.9721211870808928e-03   4.7975326414718446e-03  -1.5219095325751299e-03  -2.6558594239240551e-03   1.1065007876563590e-03  -8.4832662893740145e-04  -5.2061016670233772e-04   5.2814916434317969e-04  -5.4036483379151271e-04  -7.6641222866278560e-04
   7.5762779737426128e-03   2.4275611643197390e-02   1.0350748141095584e-03   1.0988163107072484e-03  -5.2895800891482444e-04   5.0090158750347750e-04   5.0919896552573188e-05  -1.8228730226818739e-04  -8.1891639120075987e-05   5.2557911222309439e-05  -1.4778174867140012e-04   9.3658581116416611e-06
   6.1446656202072031e-05  -1.4478205531859216e-02   9.7478186106283332e-04  -5.7884539529804249e-04   1.1311781679173917e-04  -1.1309960401444601e-04  -1.1207660081779611e-04  -5.3102511379236768e-05   2.3208062631148323e-05   3.6806466448727401e-05   1.1701127233481043e-05  -3.4173238262322089e-05
  -1.7913176748345654e-03   8.6908607671791014e-03  -1.0718012802865666e-03  -1.1990431633871402e-04  -5.4764524475194333e-05   2.0072975457170600e-04   7.1064241420473954e-05   4.7924952172215074e-05  -2.8707932434769599e-05  -2.3676533054306860e-05  -3.1700947885632078e-05   4.2872427519457348e-05
   1.8626554345701045e-03  -5.4582026920803120e-03   7.8172025110251938e-04   3.6194997266298599e-04   1.0468087398301989e-04  -1.9531225127123887e-04  -7.1697691142774456e-05  -4.7822132712445068e-05   2.7621543565130290e-05   2.6417714838762254e-05   3.1385825480529775e-05  -3.7667847438718602e-05
  -1.5033273952938032e-03   3.5192077545333814e-03  -5.1641876932710640e-04  -3.6324492807133054e-04  -1.1706675717518211e-04   1.4230544459437047e-04   5.9007751776520226e-05   5.2022388618721944e-05  -2.5049271487979979e-05  -2.4386711381560216e-05  -3.1014000904039997e-05   3.3504251659399432e-05
   9.8156258045674349e-04  -2.0774483951653288e-03   3.0264933822807548e-04   2.5556165060327971e-04   8.7264934689799798e-05  -8.5234203825970876e-05  -3.7273608501889034e-05  -4.0385796655784432e-05   1.8268450886129738e-05   1.8757547288520902e-05   2.4381844748351198e-05  -2.2741023028477462e-05
