   6.9879120776803494e-01   0.0000000000000000e+00   7.8160536650389867e-01   0.0000000000000000e+00   8.1956069545871535e-01   0.0000000000000000e+00   8.4103558021364300e-01   0.0000000000000000e+00   8.5367363150392583e-01   0.0000000000000000e+00   8.6040834010644185e-01   0.0000000000000000e+00  -8.6256539713555935e-01
   4.1303631874601726e-01  -3.7667605972937590e-01   4.4682860169980143e-01  -3.0465464626946059e-01   4.6120505334451123e-01  -2.3474925485122319e-01   4.6864845262952037e-01  -1.7095498206632767e-01   4.7268468643336670e-01  -1.1165461889864871e-01   4.7474802832230084e-01  -5.5168757558163889e-02  -4.7534561082523369e-01
  -1.6532506863535767e-01  -3.3239969517772938e-01  -1.9049845813404003e-02  -2.8359464471046519e-01   6.4281869587104773e-02  -2.2345420363795074e-01   1.1521876371133007e-01  -1.6447643315416940e-01   1.4618540560886939e-01  -1.0798614805246963e-01   1.6302746151389338e-01  -5.3493269028478299e-02  -1.6833660927006791e-01
  -1.6979220834175768e-01   1.2561012939530741e-01  -1.1802453780333250e-01  -9.1921384056342526e-03  -5.8130420844342522e-02  -5.1290240055485048e-02  -1.2858011260031570e-02  -5.6074044055163731e-02   1.7522590812424410e-02  -4.3818296891953899e-02   3.4862339036190432e-02  -2.3549722693467084e-02  -4.0471796473882188e-02
   1.0181131802654238e-01   4.2729205384044719e-02   4.2457900301573299e-03   4.0637190770892742e-02  -1.6108646276733196e-02   1.2164027300999383e-02  -1.1939959400811478e-02  -4.0890120522533713e-03  -2.6864147512908449e-03  -8.7296837533423349e-03   4.5401779508225659e-03  -6.0705362777448025e-03  -7.1614647852750648e-03
  -2.3422582704552879e-02  -5.1663169669380525e-02   1.0213715081797616e-02  -5.9907244783108009e-03   2.4884347475568227e-03   3.7718438729186518e-03  -1.5313633207548586e-03   1.7134383660144007e-03  -1.2251556304991760e-03  -7.1765988550761780e-04   2.8421244259718714e-04  -1.0893884076699494e-03  -9.9807656702093073e-04
  -3.0047237283488504e-03   2.9918026977660536e-02  -2.2464295004006002e-03  -1.4951850102140243e-03   8.4217739877361336e-04  -6.6970877112552149e-04   1.4162586610683470e-04   2.8348757809457163e-04  -2.2388179818349477e-04   6.5639172209171009e-05  -1.7442840653422338e-05  -1.2391261676380610e-04  -1.4647135828689919e-04
   7.5123086990517987e-03  -1.5152307886955325e-02  -6.5639844305733180e-04   5.2861518501970601e-04  -2.5216766744139997e-04  -4.5121957516657431e-05   8.4701671978312215e-05   4.5719707882988847e-05   1.4683137726756588e-05   1.8041130616328096e-05  -1.2234176227944298e-05  -3.5904962839779423e-05   1.0868610651219205e-06
  -6.5800919355498266e-03   7.7834233301664127e-03   8.0756395966801874e-04   3.7946262777369425e-04   1.0092204316952455e-04  -6.1023514847112549e-05  -1.8535763041026608e-05  -6.3744756371834975e-05  -2.7370716831876081e-05   1.1514216135920502e-05   1.3923629604148990e-07   1.8269703216683249e-05  -2.0073046141305209e-05
   4.9675882921262080e-03  -4.2697884353378813e-03  -4.9280702860835890e-04  -6.1160847364371467e-04  -1.3444137313735907e-04   8.2951549379832722e-05   1.6791635879504470e-05   5.2769434511716073e-05   2.9769849078672957e-05  -5.3849903719182430e-06  -2.4011611582904471e-06  -2.0295666602786745e-05   1.7475053554165400e-05
  -3.6217433634092343e-03   2.5208723506644332e-03   2.5535609503055622e-04   5.6264652541240031e-04   1.4368619005229155e-04  -4.9458421532384715e-05  -1.3078059204952721e-05  -5.4049563254333905e-05  -2.8357204270338694e-05   3.9974991556153439e-06   1.1753119979160466e-06   1.9781727275635706e-05  -1.7665082184739070e-05
   2.5626997917791369e-03  -1.5586787932596743e-03  -1.2576517712612435e-04  -4.3643753712760414e-04  -1.2120946119215544e-04   2.0226388533096120e-05   5.0665523160793468e-06   4.8355714433473461e-05   2.5903365528858981e-05  -1.6833424576553386e-06  -5.6431514302921207e-07  -1.7981636303370609e-05   1.5968155900260048e-05
  -1.5878433257282640e-03   8.9883852783409566e-04   5.9081405202649082e-05   2.8014013440773365e-04   8.0576043941932147e-05  -6.0243730606370759e-06  -5.0291927763653640e-07  -3.3349836427555210e-05  -1.8469494801089287e-05  -1.1080645390737487e-07  -1.0221200566769562e-07   1.3122691534253176e-05  -1.1751894408937832e-05
