   6.8997346001032707e+00   2.2147857393826477e+01
  -2.2147857393826477e+01   6.8997346001032707e+00
   1.1061357379148035e+01   1.7944494370574933e+01
  -1.7944494370574933e+01   1.1061357379148035e+01
   1.3800792167202744e+01   1.4141288621004069e+01
  -1.4141288621004069e+01   1.3800792167202744e+01
   1.5688506330507341e+01   1.0509845515904310e+01
  -1.0509845515904310e+01   1.5688506330507341e+01
   1.6941908342326403e+01   6.9675715858342420e+00
  -6.9675715858342420e+00   1.6941908342326403e+01
   1.7659265060202181e+01   3.4735506634242181e+00
  -3.4735506634242181e+00   1.7659265060202181e+01
   1.7896872644408258e+01   0.0000000000000000e+00
