   6.8048780264588604e-01   0.0000000000000000e+00   7.6339792239680015e-01   0.0000000000000000e+00   8.0243132665676509e-01   0.0000000000000000e+00   8.2512762712437937e-01   0.0000000000000000e+00  -8.3905104689838617e-01   0.0000000000000000e+00  -8.4720850202857534e-01   0.0000000000000000e+00   8.5103486583136934e-01   0.0000000000000000e+00
   4.2823294498027736e-01  -3.5635240003041269e-01   4.6093946894730398e-01  -2.9741008462800217e-01   4.7445021808229138e-01  -2.3587931439287124e-01   4.8140017882520986e-01  -1.7861841242270174e-01  -4.8521823221540339e-01   1.2511269657100690e-01  -4.8733280756556102e-01   7.4025705380452708e-02   4.8822515013246864e-01  -2.4610512810727025e-02
  -1.3294702420573370e-01  -3.6427068816168295e-01  -1.1247858862159519e-03  -3.0693903725489396e-01   7.6421671646715067e-02  -2.4470610646590410e-01   1.2526264561224756e-01  -1.8562735938519959e-01  -1.5625218882026984e-01   1.3004078716940953e-01  -1.7486536306390471e-01   7.6936510089753954e-02   1.8351539832617547e-01  -2.5568707404423730e-02
  -2.0858306671929575e-01   1.0205984798965373e-01  -1.3572958654385892e-01  -2.5536550165117550e-02  -6.8372544704707175e-02  -6.4610697002224077e-02  -1.8689538352176707e-02  -6.8575545493983286e-02  -1.5396546888528415e-02   5.6362195381754569e-02  -3.6691568425552608e-02   3.6231179616978658e-02   4.6837792539071235e-02  -1.2479474292369659e-02
   1.0060716405549447e-01   7.6485889899336051e-02  -2.5961790099225616e-03   5.1996767056952463e-02  -2.2258231854827563e-02   1.5783790177774010e-02  -1.6805591418782528e-02  -4.2967301279350709e-03   5.8864062053418610e-03   1.1171185087209604e-02  -3.4613622736351275e-03   9.6870563940111929e-03   8.5550846784760350e-03  -3.7097068192160744e-03
  -6.9219660459838095e-03  -6.6093093468455683e-02   1.5844053130764386e-02  -5.7611829962276352e-03   3.7139913868628259e-03   5.4957306949695384e-03  -2.0131127711270603e-03   2.8751866271572403e-03   2.1224256429985852e-03   4.9497754630227465e-04   2.6769240374454706e-04   1.6274196060835611e-03   1.1830962200724312e-03  -7.8631062999472633e-04
  -1.6503327683032278e-02   3.1372266129514083e-02  -3.5743012114041435e-03  -2.8539162767808423e-03   1.2224982170101824e-03  -9.6853229156639118e-04   3.9773031855137430e-04   4.4141667941441977e-04   2.7437307547332731e-04  -2.0570068047036784e-04   1.5561472685426958e-04   1.6230327353852992e-04   1.4237554102667133e-04  -1.2455564160132951e-04
   1.5489737296042380e-02  -1.2330523976877700e-02  -4.1174344826275326e-04   9.1384626056029887e-04  -3.5424058568240402e-04  -2.0329759345641150e-04   8.5440035019436036e-05  -7.5361103147016148e-06  -1.9235746386144538e-05  -5.6134585145776717e-05   2.2801507214335068e-05   1.7804573187440502e-05   7.2071683092351299e-06  -2.5087969069074361e-05
  -1.0888043045581920e-02   4.4350662516029447e-03   5.6100789046067533e-04   3.9057785013987790e-04   7.7776342226662152e-05   6.2518601101922618e-05   7.1668656395671168e-06  -5.5438470991267004e-05   1.0081992514282302e-05   3.5972045154133822e-06   1.0191133844797461e-05  -1.0311413963244970e-05   7.9198605439952916e-06   2.9827074593354271e-06
   7.2995840626416770e-03  -1.4279957904291167e-03  -1.8725309826003001e-04  -6.5961900758330059e-04  -1.0162621083582913e-04  -4.2026766282619245e-06  -1.5809313319214016e-05   3.6065646540367604e-05  -1.7397768247067043e-05  -8.0108663443164351e-06  -5.9340112065844261e-06   8.7518864364202956e-06  -6.5094583397930048e-06  -6.4025845822104806e-06
  -4.9624675305300599e-03   3.1764782062393318e-04  -3.7576355769022777e-05   5.7653415912948397e-04   1.1408208338994279e-04   2.2941469461683327e-05   1.4347987930967377e-05  -3.4610941197153074e-05   1.5461504196773521e-05   9.4158604085220165e-06   6.7408780222898566e-06  -9.1375550618500720e-06   6.5992743712780250e-06   5.9291659214738839e-06
   3.4490551460658941e-03   6.9609144673085107e-05   1.1969190541024678e-04  -4.3584476880411527e-04  -9.7272562185661765e-05  -4.0950634373654009e-05  -1.7524851547780359e-05   3.1914090190136053e-05  -1.4294971079024335e-05  -9.7699454896183599e-06  -6.8339655761126856e-06   8.4074187490509536e-06  -6.3188217500497605e-06  -5.9588397255605330e-06
  -2.3854925622435173e-03  -1.7123810840453745e-04  -1.2628371946802133e-04   3.0888102671746342e-04   7.1997340697467236e-05   4.3134145239843431e-05   1.8099109534572849e-05  -2.5019492774946643e-05   1.1833576888436142e-05   9.6559653890705622e-06   6.4364201899448502e-06  -7.2416064760874617e-06   5.5855829144627815e-06   5.4056465734389365e-06
   1.4633973793750307e-03   1.4397607063731030e-04   9.1681422711398401e-05  -1.9034104425861572e-04  -4.4855239929737682e-05  -3.1774742754895557e-05  -1.3541879833131457e-05   1.5951268640270555e-05  -7.8011759742768597e-06  -7.2739410278272909e-06  -4.8218352924281708e-06   4.9655455986431222e-06  -3.9779794619751651e-06  -3.9715539950182539e-06
