   7.1021745336178519e+00   2.4051475654778134e+01
  -2.4051475654778134e+01   7.1021745336178519e+00
   1.1440724648798126e+01   1.9789433351147068e+01
  -1.9789433351147068e+01   1.1440724648798126e+01
   1.4344639625721110e+01   1.5946543627700690e+01
  -1.5946543627700690e+01   1.4344639625721110e+01
   1.6397736040419296e+01   1.2285226301760948e+01
  -1.2285226301760948e+01   1.6397736040419296e+01
   1.7822740775504869e+01   8.7254346760234398e+00
  -8.7254346760234398e+00   1.7822740775504869e+01
   1.8725022119457179e+01   5.2111958454243617e+00
  -5.2111958454243617e+00   1.8725022119457179e+01
   1.9166962929853675e+01   1.7407981003349735e+00
  -1.7407981003349735e+00   1.9166962929853675e+01
