   7.2947122075831832e+00   2.5959012010981429e+01
  -2.5959012010981429e+01   7.2947122075831832e+00
   1.1800392148722135e+01   2.1640037272359617e+01
  -2.1640037272359617e+01   1.1800392148722135e+01
   1.4857084449951218e+01   1.7757117019398283e+01
  -1.7757117019398283e+01   1.4857084449951218e+01
   1.7076542298066997e+01   1.4072348960079687e+01
  -1.4072348960079687e+01   1.7076542298066997e+01
   1.8604703883635100e+01   1.0476642889443060e+01
  -1.0476642889443060e+01   1.8604703883635100e+01
   1.9823935660731344e+01   6.9791561506376318e+00
  -6.9791561506376318e+00   1.9823935660731344e+01
   2.0157337443561907e+01   3.4608398002701564e+00
  -3.4608398002701564e+00   2.0157337443561907e+01
   2.0770566303255059e+01   0.0000000000000000e+00
