  -6.6397118070063699e-01   0.0000000000000000e+00   7.4637016156764657e-01   0.0000000000000000e+00  -7.8613387576019211e-01   0.0000000000000000e+00  -8.0993547869424110e-01   0.0000000000000000e+00   8.2441998315138953e-01   0.0000000000000000e+00   8.3503868783611812e-01   0.0000000000000000e+00   8.3781256530887172e-01   0.0000000000000000e+00   8.4277197220214128e-01
  -4.3903508477772296e-01   3.3698847595612313e-01   4.7229308512609552e-01  -2.8888785381654997e-01  -4.8553930243113602e-01   2.3480922659082401e-01  -4.9214722938610284e-01   1.8348681450009299e-01   4.9629071646218559e-01  -1.3503714307250395e-01   4.9721403696944788e-01  -8.8931686790511652e-02   5.0057439673842141e-01  -4.4050784737203315e-02   4.9767844603595035e-01
   9.8194338044326201e-02   3.8850396810967552e-01   1.8832342086830420e-02  -3.2646352106385224e-01  -9.0123582318643133e-02   2.6326171811942778e-01  -1.3605848974948126e-01   2.0440272467373477e-01   1.6703214785026679e-01  -1.5016540422548208e-01   1.8454343508170584e-01  -9.7913117906997568e-02   1.9881880719913653e-01  -4.9049149908175639e-02   1.9735371462256077e-01
   2.4159248539445516e-01  -7.0681620943019344e-02  -1.5085465714489110e-01  -4.5266416262034904e-02   7.7234532107444603e-02   7.9759936310495522e-02   2.3909092623785162e-02   8.1902811051514701e-02   1.3421678158870517e-02  -6.9720459757765391e-02   3.7123096070316768e-02  -4.8721889617998712e-02   5.2798001719982487e-02  -2.5906769797999437e-02   5.4560782778818075e-02
  -8.9987744830327704e-02  -1.1075964597380122e-01  -1.2871241343794689e-02   6.2783619858048353e-02   3.0000047018364298e-02  -1.8939675103368522e-02   2.2504062251616958e-02   4.7515091956954747e-03  -9.8151915785543650e-03  -1.3938701102378458e-02   1.5369336508384236e-03  -1.3292227918053994e-02   9.4038906549091077e-03  -8.2703878957936031e-03   1.1091984769268398e-02
  -1.5335915047478719e-02   7.5536248178104184e-02   2.2409586952113585e-02  -3.5451417801601903e-03  -5.0115222733851878e-03  -8.0277966632397290e-03   2.6103062220778814e-03  -4.3921936869161472e-03  -3.2831821762878653e-03  -9.1408398840144779e-05  -1.1086284885999738e-03  -2.0356884047868051e-03   1.0890503008385121e-03  -1.8086377253839435e-03   1.7628583889233039e-03
   3.1255416710564962e-02  -2.7428243717072903e-02  -4.5628763916372803e-03  -5.2904704223110770e-03  -1.8002160685839565e-03   1.4161171221026706e-03  -7.3947445443431391e-04  -6.5024122100785771e-04  -3.0892205068906741e-04   4.4369156521410264e-04  -3.2241517705987761e-04  -1.3024781918692682e-04   6.3142338547573032e-05  -2.9068691672639902e-04   2.4277132921834697e-04
  -2.2447902461362898e-02   5.7754879883713615e-03  -5.1640077071918365e-04   1.6772123363709844e-03   4.7161576807547810e-04   3.6352376351494564e-04  -1.1695293399433226e-04   9.3122228541666203e-05   4.2255271791483120e-05   8.5289302792545895e-05  -3.8100093899549077e-05   1.2084838868780451e-05  -6.0021866120164359e-06  -4.3518955424118611e-05   2.4965901146412071e-05
   1.3568512376321340e-02   1.0733415892366254e-03   4.9043687788419147e-04   2.2596660145602666e-04  -1.8032279741404973e-05  -1.5833296754019967e-04  -5.7711855389659053e-06   4.3305958306777858e-05   8.2355018595055739e-06  -9.4765985735927459e-06  -9.7940437969667244e-06   7.3260191548136519e-06  -1.9261988391441790e-06  -3.6979901382469315e-07   8.2104259557499499e-06
  -8.0785202976716205e-03  -2.5770251659008253e-03   2.1603626564195326e-05  -5.6443702237604957e-04   3.8260422763670191e-05   5.0169876869122953e-05   2.7769733235162712e-05  -1.7015378598511864e-05   5.7227957509701252e-06   8.6147378102843672e-06   6.6144143476290323e-06  -9.4888637353119569e-07  -1.0286450744508583e-06  -4.8031647400424012e-06  -4.1102727225488615e-06
   4.9935275127019453e-03   2.5147728021263720e-03  -2.5671594476720070e-04   4.5520765935378187e-04  -6.0777014503124258e-05  -5.6167900255878328e-05  -2.2862665298663172e-05   1.2465344079483482e-05  -4.1614862623326055e-06  -1.1001856924246494e-05  -6.4951356383136366e-06   1.8281690526553851e-06   3.2025446358416608e-07   4.2777671521117942e-06   4.7328712957327400e-06
  -3.2453710954384167e-03  -2.0952419773490809e-03   3.0350008077390292e-04  -3.0519596362091664e-04   5.0207209203734437e-05   6.8504181810392906e-05   2.3175482314655721e-05  -1.1572644345702246e-05   3.2214287085782784e-06   1.0641496026381289e-05   6.6566980585181399e-06  -1.4185523668236375e-06  -3.6734900391386575e-07  -4.3195837072662195e-06  -4.6209990250518126e-06
   2.1965862848773048e-03   1.6479498123654372e-03  -2.7363718804914865e-04   1.9595725051746685e-04  -3.2743431203613046e-05  -6.6744308594398634e-05  -2.2925233214944032e-05   8.1261670313051315e-06  -2.3513357388253329e-06  -1.0295973684956153e-05  -6.3755784323429561e-06   1.0399071215347496e-06   2.2087401114643417e-07   4.1447995961570284e-06   4.4768206675650817e-06
  -1.4958708424336925e-03  -1.2275765076186253e-03   2.1658837403230617e-04  -1.2426202267640428e-04   1.9248250448451297e-05   5.5266282096635353e-05   1.9674155631352157e-05  -4.5566845228916329e-06   1.2526217963385078e-06   9.0116299745243142e-06   5.6488059620204290e-06  -6.0717582985747101e-07  -1.0414632664591244e-07  -3.6645454464580696e-06  -3.9704584920056422e-06
   9.1051367178938112e-04   7.8215637548601164e-04  -1.4155195318647047e-04   7.1806902425401777e-05  -1.0195273871516292e-05  -3.6860574091125668e-05  -1.3396076144646681e-05   2.1589686914657203e-06  -4.8792512307876950e-07  -6.2482418675233589e-06  -3.9883266497903300e-06   2.4556322657286849e-07   1.2398918436470722e-08   2.6074287006634273e-06   2.8448294021781132e-06
